{
 "cells": [
  {
   "cell_type": "code",
   "execution_count": 1,
   "id": "broke-military",
   "metadata": {},
   "outputs": [
    {
     "name": "stderr",
     "output_type": "stream",
     "text": [
      "/opt/conda/lib/python3.8/site-packages/qiskit/aqua/__init__.py:86: DeprecationWarning: The package qiskit.aqua is deprecated. It was moved/refactored to qiskit-terra For more information see <https://github.com/Qiskit/qiskit-aqua/blob/main/README.md#migration-guide>\n",
      "  warn_package('aqua', 'qiskit-terra')\n"
     ]
    }
   ],
   "source": [
    "%matplotlib inline\n",
    "# Importing standard Qiskit libraries\n",
    "from qiskit import *\n",
    "from qiskit import QuantumCircuit, execute, Aer, IBMQ\n",
    "from qiskit.circuit.library import ZFeatureMap, ZZFeatureMap, PauliFeatureMap\n",
    "from qiskit.compiler import transpile, assemble\n",
    "from qiskit.tools.jupyter import *\n",
    "from qiskit.visualization import *\n",
    "from qiskit.utils import QuantumInstance, algorithm_globals\n",
    "from qiskit.aqua.algorithms import QSVM\n",
    "from qiskit_machine_learning.algorithms import QSVR\n",
    "from qiskit_machine_learning.kernels import QuantumKernel\n",
    "from qiskit.aqua.utils import split_dataset_to_data_and_labels, map_label_to_class_name\n",
    "from qiskit.aqua.utils import reduce_dim_to_via_pca\n",
    "from ibm_quantum_widgets import *\n",
    "import pandas as pd\n",
    "from sklearn.model_selection import train_test_split\n",
    "from sklearn.preprocessing import StandardScaler\n",
    "from scipy.linalg import expm\n",
    "from qiskit.aqua.components.multiclass_extensions import AllPairs\n",
    "import math\n",
    "import numpy as np\n",
    "import matplotlib.pyplot as plt\n",
    "\n",
    "# Loading your IBM Q account(s)\n",
    "provider = IBMQ.load_account()\n",
    "\n",
    "seed = 1000\n",
    "algorithm_globals.random_seed = seed #"
   ]
  },
  {
   "cell_type": "code",
   "execution_count": 2,
   "id": "942a69e0",
   "metadata": {},
   "outputs": [
    {
     "name": "stdout",
     "output_type": "stream",
     "text": [
      "Collecting skfeature\n",
      "  Cloning https://github.com/jundongl/scikit-feature.git to /tmp/pip-install-xgd9l15q/skfeature_399a91f12be449e3b61af2f0f9213ee8\n",
      "  Running command git clone -q https://github.com/jundongl/scikit-feature.git /tmp/pip-install-xgd9l15q/skfeature_399a91f12be449e3b61af2f0f9213ee8\n",
      "Building wheels for collected packages: skfeature\n",
      "  Building wheel for skfeature (setup.py) ... \u001b[?25ldone\n",
      "\u001b[?25h  Created wheel for skfeature: filename=skfeature-1.0.0-py3-none-any.whl size=61508 sha256=639aaf19bd0e8b5d03f2a803d9e0dcb85d8852be472363cd10bc032285e92b92\n",
      "  Stored in directory: /tmp/pip-ephem-wheel-cache-1tor1zvk/wheels/ea/ca/0b/ea331396461510ff572967528a880848ef75cc192b2f6074eb\n",
      "Successfully built skfeature\n",
      "Installing collected packages: skfeature\n",
      "Successfully installed skfeature-1.0.0\n"
     ]
    }
   ],
   "source": [
    "#Instalar paquete scikit-feature selection\n",
    "!pip install git+https://github.com/jundongl/scikit-feature.git#egg=skfeature\n",
    "from skfeature.function.similarity_based import SPEC"
   ]
  },
  {
   "cell_type": "markdown",
   "id": "82577d3d",
   "metadata": {},
   "source": [
    "# Leer datos"
   ]
  },
  {
   "cell_type": "code",
   "execution_count": 61,
   "id": "planned-poster",
   "metadata": {},
   "outputs": [
    {
     "name": "stdout",
     "output_type": "stream",
     "text": [
      "            origh            resph  mehodCount  uriCount  useragentCount  \\\n",
      "0  192.168.202.79  192.168.229.251         200       200             200   \n",
      "1  192.168.202.79  192.168.229.153           1         1               1   \n",
      "2  192.168.202.79  192.168.229.101           1         1               1   \n",
      "3  192.168.202.79  192.168.229.156           1         1               1   \n",
      "4  192.168.202.76   192.168.28.102           4         4               4   \n",
      "\n",
      "  requestbodylen_Mean responsebodylenMean   Ano  Mes  dia  diasemana  hora  \\\n",
      "0            0.000000         155.935.000  2012    3   16          6    12   \n",
      "1            0.000000         326.000.000  2012    3   16          6    12   \n",
      "2            0.000000         238.000.000  2012    3   16          6    12   \n",
      "3            0.000000         287.000.000  2012    3   16          6    12   \n",
      "4            0.000000         169.000.000  2012    3   16          6    12   \n",
      "\n",
      "   minuto  RecordCount  \n",
      "0      30          200  \n",
      "1      30            1  \n",
      "2      30            1  \n",
      "3      30            1  \n",
      "4      42            4  \n"
     ]
    }
   ],
   "source": [
    "#Leer fichero de datos\n",
    "data = pd.read_csv('ETL_Jerarquia_0_v1.csv', sep=';') #leer csv\n",
    "#Guardar nombres de las columnas\n",
    "colNames = data.columns\n",
    "#Crear una copia del dataframe original\n",
    "OriginalData=data.copy()\n",
    "#Printear los primeros 5 casos\n",
    "print(data.head(n=5))"
   ]
  },
  {
   "cell_type": "markdown",
   "id": "603140a3",
   "metadata": {},
   "source": [
    "# Preproceso de datos"
   ]
  },
  {
   "cell_type": "code",
   "execution_count": 62,
   "id": "transparent-incentive",
   "metadata": {},
   "outputs": [
    {
     "name": "stdout",
     "output_type": "stream",
     "text": [
      "0    192.168.202.79\n",
      "1    192.168.202.79\n",
      "2    192.168.202.79\n",
      "3    192.168.202.79\n",
      "Name: origh, dtype: object\n",
      "Valor despues de preprocesar puntos: 19216820279\n"
     ]
    }
   ],
   "source": [
    "#Preprocesar columnas 0-1 (IPs) y 5-6 (valores con millares representados con puntos) \n",
    "#Quitar puntos de las columnas\n",
    "#Columna de IPs\n",
    "print(data.iloc[:,0].head(n=4))\n",
    "for i in np.array([0,1,5,6]):\n",
    "    data.iloc[:,i] = data.iloc[:,i].apply(lambda x: x.replace('.',''))\n",
    "\n",
    "print(\"Valor despues de preprocesar puntos: {}\".format(data.iloc[0,0]))"
   ]
  },
  {
   "cell_type": "markdown",
   "id": "8d42857b",
   "metadata": {},
   "source": [
    "## Eliminar filas que contienen IPv6"
   ]
  },
  {
   "cell_type": "code",
   "execution_count": 63,
   "id": "caroline-moore",
   "metadata": {},
   "outputs": [
    {
     "name": "stdout",
     "output_type": "stream",
     "text": [
      "origh                  object\n",
      "resph                  object\n",
      "mehodCount              int64\n",
      "uriCount                int64\n",
      "useragentCount          int64\n",
      "requestbodylen_Mean    object\n",
      "responsebodylenMean    object\n",
      "Ano                     int64\n",
      "Mes                     int64\n",
      "dia                     int64\n",
      "diasemana               int64\n",
      "hora                    int64\n",
      "minuto                  int64\n",
      "RecordCount             int64\n",
      "dtype: object\n"
     ]
    }
   ],
   "source": [
    "#Eliminar filas con IPv6, no se pueden representar como numeros para el qPCA\n",
    "#Todos los IPv6s comienzan con 2001:dbb, comprobar si hay : entre las posiciones 3 y 5 del string\n",
    "#para saber si es IPv6\n",
    "indicesFilas=[]\n",
    "for i in range (0,len(data)):\n",
    "    if (data.iloc[i,0].find(':',3,5)!=-1):\n",
    "        indicesFilas.append(i)\n",
    "\n",
    "#Eliminar las filas con IPs detectadas como IPv6\n",
    "data=data.drop(indicesFilas)\n",
    "\n",
    "#Printear tipos de columnas\n",
    "print(data.dtypes)\n",
    "#Poner las columnas preprocesadas en tipo integer ()\n",
    "data=data.astype('int64') "
   ]
  },
  {
   "cell_type": "markdown",
   "id": "7893f091",
   "metadata": {},
   "source": [
    "## Estandarizar datos"
   ]
  },
  {
   "cell_type": "code",
   "execution_count": 64,
   "id": "faced-sheffield",
   "metadata": {},
   "outputs": [
    {
     "name": "stdout",
     "output_type": "stream",
     "text": [
      "      origh     resph  mehodCount  uriCount  useragentCount  \\\n",
      "0 -1.037148  2.356561   -0.041078 -0.041078       -0.041078   \n",
      "1 -1.037148  2.356561   -0.121386 -0.121386       -0.121386   \n",
      "2 -1.037148  2.356561   -0.121386 -0.121386       -0.121386   \n",
      "\n",
      "   requestbodylen_Mean  responsebodylenMean  Ano  Mes       dia  diasemana  \\\n",
      "0             -0.07588            -0.022519  0.0  0.0 -0.610326  -0.610326   \n",
      "1             -0.07588            -0.022203  0.0  0.0 -0.610326  -0.610326   \n",
      "2             -0.07588            -0.022367  0.0  0.0 -0.610326  -0.610326   \n",
      "\n",
      "       hora    minuto  RecordCount  \n",
      "0 -1.843207  0.055657    -0.041078  \n",
      "1 -1.843207  0.055657    -0.121386  \n",
      "2 -1.843207  0.055657    -0.121386  \n"
     ]
    }
   ],
   "source": [
    "#Estandarizar datos \n",
    "data=StandardScaler().fit_transform(data)\n",
    "#Pasar datos a dataframe \n",
    "data=pd.DataFrame(data)\n",
    "#Reasignar los nombres a las columnas\n",
    "data.columns = colNames\n",
    "print(data.head(n=3))"
   ]
  },
  {
   "cell_type": "markdown",
   "id": "a3fdd372",
   "metadata": {},
   "source": [
    "# Feature Selection (Spectral)"
   ]
  },
  {
   "cell_type": "code",
   "execution_count": 85,
   "id": "46ab1730",
   "metadata": {},
   "outputs": [
    {
     "name": "stdout",
     "output_type": "stream",
     "text": [
      "[    0.     0.     0.     0.     0.     0.     0. -1000. -1000.     0.\n",
      "     0.     0.     0.     0.]\n"
     ]
    }
   ],
   "source": [
    "kwargs = {'style': 1}\n",
    "feats=SPEC.spec(data.to_numpy(), **kwargs)\n",
    "print(feats)"
   ]
  },
  {
   "cell_type": "code",
   "execution_count": 86,
   "id": "7f1f6882",
   "metadata": {},
   "outputs": [
    {
     "name": "stdout",
     "output_type": "stream",
     "text": [
      "Variables seleccionadas: \n",
      " Index(['RecordCount', 'minuto', 'hora', 'diasemana'], dtype='object')\n"
     ]
    }
   ],
   "source": [
    "#Indices de mayor a menor de los valores de ranking del SPEC feature selection\n",
    "index = feats.argsort()[::-1]\n",
    "fsData=data.iloc[:,index[0:4]]\n",
    "\n",
    "print(\"Variables seleccionadas: \\n\", fsData.columns)"
   ]
  },
  {
   "cell_type": "markdown",
   "id": "fa244011",
   "metadata": {},
   "source": [
    "# Feature selection correlation"
   ]
  },
  {
   "cell_type": "code",
   "execution_count": 6,
   "id": "0e5875e8",
   "metadata": {},
   "outputs": [
    {
     "name": "stdout",
     "output_type": "stream",
     "text": [
      "Variables con mayor correlacion: \n",
      " minuto               Mes                    0.000087\n",
      "                     responsebodylenMean    0.000088\n",
      "                     diasemana              0.000806\n",
      "                     resph                  0.008235\n",
      "                     dia                    0.011752\n",
      "                     origh                  0.016445\n",
      "requestbodylen_Mean  minuto                 0.018118\n",
      "hora                 minuto                 0.022910\n",
      "minuto               uriCount               0.023581\n",
      "RecordCount          Mes                    0.024585\n",
      "responsebodylenMean  RecordCount            0.024920\n",
      "minuto               useragentCount         0.025676\n",
      "                     mehodCount             0.025702\n",
      "                     Ano                    0.033499\n",
      "origh                responsebodylenMean    0.044278\n",
      "resph                origh                  0.045377\n",
      "diasemana            RecordCount            0.048412\n",
      "responsebodylenMean  resph                  0.064703\n",
      "hora                 RecordCount            0.078327\n",
      "requestbodylen_Mean  responsebodylenMean    0.086206\n",
      "mehodCount           resph                  0.087429\n",
      "uriCount             hora                   0.094410\n",
      "hora                 responsebodylenMean    0.097563\n",
      "Mes                  hora                   0.097604\n",
      "mehodCount           hora                   0.099068\n",
      "useragentCount       hora                   0.099116\n",
      "minuto               RecordCount            0.102202\n",
      "mehodCount           responsebodylenMean    0.103311\n",
      "useragentCount       responsebodylenMean    0.103399\n",
      "uriCount             responsebodylenMean    0.106784\n",
      "RecordCount          dia                    0.113208\n",
      "hora                 Ano                    0.120106\n",
      "                     resph                  0.121478\n",
      "diasemana            hora                   0.122347\n",
      "requestbodylen_Mean  RecordCount            0.137622\n",
      "origh                RecordCount            0.141199\n",
      "dia                  hora                   0.150198\n",
      "origh                hora                   0.202723\n",
      "Ano                  RecordCount            0.204725\n",
      "diasemana            dia                    0.208913\n",
      "hora                 requestbodylen_Mean    0.210712\n",
      "uriCount             requestbodylen_Mean    0.352918\n",
      "mehodCount           requestbodylen_Mean    0.357488\n",
      "requestbodylen_Mean  useragentCount         0.357490\n",
      "origh                requestbodylen_Mean    0.395333\n",
      "                     diasemana              0.515335\n",
      "resph                requestbodylen_Mean    0.545767\n",
      "requestbodylen_Mean  dia                    0.563967\n",
      "dia                  Mes                    0.599963\n",
      "responsebodylenMean  dia                    0.600090\n",
      "diasemana            mehodCount             0.603917\n",
      "useragentCount       diasemana              0.603926\n",
      "uriCount             diasemana              0.605444\n",
      "dia                  Ano                    0.628226\n",
      "resph                diasemana              0.670427\n",
      "RecordCount          useragentCount         0.809798\n",
      "minuto               minuto                 1.000000\n",
      "dtype: float64\n"
     ]
    }
   ],
   "source": [
    "#Correlaciones entre variables ordenadas de mayor a menor eliminando los pares centrales\n",
    "correlations=data.corr(method='kendall').abs().unstack().sort_values(ascending=True).drop_duplicates().dropna()\n",
    "print(\"Variables con mayor correlacion: \\n\",correlations)"
   ]
  },
  {
   "cell_type": "code",
   "execution_count": 7,
   "id": "8afb4fd5",
   "metadata": {},
   "outputs": [
    {
     "name": "stdout",
     "output_type": "stream",
     "text": [
      "Variables seleccionadas: \n",
      " Index(['minuto', 'Mes', 'responsebodylenMean', 'diasemana'], dtype='object')\n"
     ]
    }
   ],
   "source": [
    "#Obtener los nombres de los dos pares de variables menos correladas\n",
    "feats=list(correlations.index[0]+(correlations.index[1][1],)+(correlations.index[2][1],))#original low\n",
    "#feats=list((correlations.index[1][1],)+(correlations.index[2][1],))#matriz 2x2\n",
    "#feats=list((correlations.index[55][0],)+(correlations.index[54][0],))#+(correlations.index[53][0],)+(correlations.index[52][0],))\n",
    "#Escoger las variables de la base de datos original\n",
    "fsData=data[feats]\n",
    "print(\"Variables seleccionadas: \\n\", fsData.columns)"
   ]
  },
  {
   "cell_type": "markdown",
   "id": "2488eed4",
   "metadata": {},
   "source": [
    "# PCA"
   ]
  },
  {
   "cell_type": "code",
   "execution_count": 89,
   "id": "b9d66e24",
   "metadata": {
    "scrolled": true
   },
   "outputs": [
    {
     "name": "stdout",
     "output_type": "stream",
     "text": [
      "[[ 1.00014736e+00 -9.30564056e-02 -6.76666325e-02 -6.76666325e-02\n",
      "  -6.76666325e-02  5.50894070e-02 -1.56498675e-02  0.00000000e+00\n",
      "   0.00000000e+00  9.92607291e-02  9.92607291e-02 -2.17420980e-01\n",
      "  -1.48911657e-03 -6.76666325e-02]\n",
      " [-9.30564056e-02  1.00014736e+00  1.72282504e-01  1.72282504e-01\n",
      "   1.72282504e-01 -2.85020986e-02 -7.15346019e-03  0.00000000e+00\n",
      "   0.00000000e+00 -2.02637490e-01 -2.02637490e-01  1.92960676e-01\n",
      "   3.40253173e-02  1.72282504e-01]\n",
      " [-6.76666325e-02  1.72282504e-01  1.00014736e+00  1.00014736e+00\n",
      "   1.00014736e+00 -8.99527764e-03 -2.52560394e-03  0.00000000e+00\n",
      "   0.00000000e+00 -6.20956013e-02 -6.20956013e-02  3.73754895e-02\n",
      "   1.99068762e-02  1.00014736e+00]\n",
      " [-6.76666325e-02  1.72282504e-01  1.00014736e+00  1.00014736e+00\n",
      "   1.00014736e+00 -8.99527764e-03 -2.52560394e-03  0.00000000e+00\n",
      "   0.00000000e+00 -6.20956013e-02 -6.20956013e-02  3.73754895e-02\n",
      "   1.99068762e-02  1.00014736e+00]\n",
      " [-6.76666325e-02  1.72282504e-01  1.00014736e+00  1.00014736e+00\n",
      "   1.00014736e+00 -8.99527764e-03 -2.52560394e-03  0.00000000e+00\n",
      "   0.00000000e+00 -6.20956013e-02 -6.20956013e-02  3.73754895e-02\n",
      "   1.99068762e-02  1.00014736e+00]\n",
      " [ 5.50894070e-02 -2.85020986e-02 -8.99527764e-03 -8.99527764e-03\n",
      "  -8.99527764e-03  1.00014736e+00 -9.85329613e-04  0.00000000e+00\n",
      "   0.00000000e+00  1.54016183e-02  1.54016183e-02 -2.59014111e-02\n",
      "  -1.54128027e-02 -8.99527764e-03]\n",
      " [-1.56498675e-02 -7.15346019e-03 -2.52560394e-03 -2.52560394e-03\n",
      "  -2.52560394e-03 -9.85329613e-04  1.00014736e+00  0.00000000e+00\n",
      "   0.00000000e+00 -7.82766359e-03 -7.82766359e-03  3.15406968e-02\n",
      "  -1.99665770e-02 -2.52560394e-03]\n",
      " [ 0.00000000e+00  0.00000000e+00  0.00000000e+00  0.00000000e+00\n",
      "   0.00000000e+00  0.00000000e+00  0.00000000e+00  0.00000000e+00\n",
      "   0.00000000e+00  0.00000000e+00  0.00000000e+00  0.00000000e+00\n",
      "   0.00000000e+00  0.00000000e+00]\n",
      " [ 0.00000000e+00  0.00000000e+00  0.00000000e+00  0.00000000e+00\n",
      "   0.00000000e+00  0.00000000e+00  0.00000000e+00  0.00000000e+00\n",
      "   0.00000000e+00  0.00000000e+00  0.00000000e+00  0.00000000e+00\n",
      "   0.00000000e+00  0.00000000e+00]\n",
      " [ 9.92607291e-02 -2.02637490e-01 -6.20956013e-02 -6.20956013e-02\n",
      "  -6.20956013e-02  1.54016183e-02 -7.82766359e-03  0.00000000e+00\n",
      "   0.00000000e+00  1.00014736e+00  1.00014736e+00 -5.36157289e-02\n",
      "   2.58415800e-02 -6.20956013e-02]\n",
      " [ 9.92607291e-02 -2.02637490e-01 -6.20956013e-02 -6.20956013e-02\n",
      "  -6.20956013e-02  1.54016183e-02 -7.82766359e-03  0.00000000e+00\n",
      "   0.00000000e+00  1.00014736e+00  1.00014736e+00 -5.36157289e-02\n",
      "   2.58415800e-02 -6.20956013e-02]\n",
      " [-2.17420980e-01  1.92960676e-01  3.73754895e-02  3.73754895e-02\n",
      "   3.73754895e-02 -2.59014111e-02  3.15406968e-02  0.00000000e+00\n",
      "   0.00000000e+00 -5.36157289e-02 -5.36157289e-02  1.00014736e+00\n",
      "  -1.61358791e-02  3.73754895e-02]\n",
      " [-1.48911657e-03  3.40253173e-02  1.99068762e-02  1.99068762e-02\n",
      "   1.99068762e-02 -1.54128027e-02 -1.99665770e-02  0.00000000e+00\n",
      "   0.00000000e+00  2.58415800e-02  2.58415800e-02 -1.61358791e-02\n",
      "   1.00014736e+00  1.99068762e-02]\n",
      " [-6.76666325e-02  1.72282504e-01  1.00014736e+00  1.00014736e+00\n",
      "   1.00014736e+00 -8.99527764e-03 -2.52560394e-03  0.00000000e+00\n",
      "   0.00000000e+00 -6.20956013e-02 -6.20956013e-02  3.73754895e-02\n",
      "   1.99068762e-02  1.00014736e+00]]\n",
      "Eigenvalores: \n",
      " [ 4.07410801e+00  2.08178677e+00  1.24833926e+00  1.03163089e+00\n",
      "  9.89822986e-01  9.76165310e-01  8.78217528e-01  7.21697584e-01\n",
      "  0.00000000e+00  0.00000000e+00 -4.02266621e-19 -6.11109530e-18\n",
      " -6.11109530e-18 -1.49501408e-16]\n",
      "Eigenvectores: \n",
      " [[ 5.47832477e-02+0.00000000e+00j -1.52364533e-01+0.00000000e+00j\n",
      "  -5.58026063e-01+0.00000000e+00j  4.31772315e-02+0.00000000e+00j\n",
      "   5.21521810e-03+0.00000000e+00j  9.84957029e-02+0.00000000e+00j\n",
      "   6.67640222e-01+0.00000000e+00j  4.52829346e-01+0.00000000e+00j\n",
      "   0.00000000e+00+0.00000000e+00j  0.00000000e+00+0.00000000e+00j\n",
      "   1.10778724e-18+0.00000000e+00j  1.64145486e-17+6.01046796e-18j\n",
      "   1.64145486e-17-6.01046796e-18j -9.56316530e-17+0.00000000e+00j]\n",
      " [-1.24443813e-01+0.00000000e+00j  2.38773711e-01+0.00000000e+00j\n",
      "   3.26865635e-01+0.00000000e+00j  1.60181816e-01+0.00000000e+00j\n",
      "  -1.93403354e-01+0.00000000e+00j  1.10290836e-01+0.00000000e+00j\n",
      "   6.76572089e-01+0.00000000e+00j -5.36360678e-01+0.00000000e+00j\n",
      "   0.00000000e+00+0.00000000e+00j  0.00000000e+00+0.00000000e+00j\n",
      "   1.03225627e-16+0.00000000e+00j -1.64751128e-16+3.70738911e-17j\n",
      "  -1.64751128e-16-3.70738911e-17j -1.96863211e-17+0.00000000e+00j]\n",
      " [-4.92105676e-01+0.00000000e+00j -7.20942117e-02+0.00000000e+00j\n",
      "  -3.50014458e-02+0.00000000e+00j -1.32812995e-02+0.00000000e+00j\n",
      "   9.99942797e-03+0.00000000e+00j -7.15005470e-03+0.00000000e+00j\n",
      "  -2.07830025e-02+0.00000000e+00j  2.54929278e-02+0.00000000e+00j\n",
      "   0.00000000e+00+0.00000000e+00j  0.00000000e+00+0.00000000e+00j\n",
      "  -2.46768277e-01+0.00000000e+00j  6.04313828e-01+0.00000000e+00j\n",
      "   6.04313828e-01-0.00000000e+00j -2.17589540e-01+0.00000000e+00j]\n",
      " [-4.92105676e-01+0.00000000e+00j -7.20942117e-02+0.00000000e+00j\n",
      "  -3.50014458e-02+0.00000000e+00j -1.32812995e-02+0.00000000e+00j\n",
      "   9.99942797e-03+0.00000000e+00j -7.15005470e-03+0.00000000e+00j\n",
      "  -2.07830025e-02+0.00000000e+00j  2.54929278e-02+0.00000000e+00j\n",
      "   0.00000000e+00+0.00000000e+00j  0.00000000e+00+0.00000000e+00j\n",
      "  -2.21408060e-01+0.00000000e+00j  1.38050719e-01+4.64320810e-01j\n",
      "   1.38050719e-01-4.64320810e-01j  2.07773729e-01+0.00000000e+00j]\n",
      " [-4.92105676e-01+0.00000000e+00j -7.20942117e-02+0.00000000e+00j\n",
      "  -3.50014458e-02+0.00000000e+00j -1.32812995e-02+0.00000000e+00j\n",
      "   9.99942797e-03+0.00000000e+00j -7.15005470e-03+0.00000000e+00j\n",
      "  -2.07830025e-02+0.00000000e+00j  2.54929278e-02+0.00000000e+00j\n",
      "   0.00000000e+00+0.00000000e+00j  0.00000000e+00+0.00000000e+00j\n",
      "  -3.85009780e-01+0.00000000e+00j -3.87684522e-01-2.31840807e-01j\n",
      "  -3.87684522e-01+2.31840807e-01j  6.62300657e-03+0.00000000e+00j]\n",
      " [ 9.02917789e-03+0.00000000e+00j -3.32415578e-02+0.00000000e+00j\n",
      "  -2.03698661e-01+0.00000000e+00j -3.05793157e-01+0.00000000e+00j\n",
      "  -8.39055177e-01+0.00000000e+00j  3.59572577e-01+0.00000000e+00j\n",
      "  -1.63324962e-01+0.00000000e+00j -6.18854015e-02+0.00000000e+00j\n",
      "   0.00000000e+00+0.00000000e+00j  0.00000000e+00+0.00000000e+00j\n",
      "  -8.51955274e-18+0.00000000e+00j  2.33027333e-17-1.01020542e-17j\n",
      "   2.33027333e-17+1.01020542e-17j -1.80726242e-17+0.00000000e+00j]\n",
      " [ 9.35685566e-04+0.00000000e+00j  1.53119220e-02+0.00000000e+00j\n",
      "   9.66430985e-02+0.00000000e+00j -5.95994974e-01+0.00000000e+00j\n",
      "   4.60755927e-01+0.00000000e+00j  6.43900719e-01+0.00000000e+00j\n",
      "   6.64643542e-02+0.00000000e+00j -6.23947150e-02+0.00000000e+00j\n",
      "   0.00000000e+00+0.00000000e+00j  0.00000000e+00+0.00000000e+00j\n",
      "   1.69358539e-17+0.00000000e+00j -2.50464041e-17-1.10813948e-17j\n",
      "  -2.50464041e-17+1.10813948e-17j  1.14873779e-17+0.00000000e+00j]\n",
      " [ 0.00000000e+00+0.00000000e+00j  0.00000000e+00+0.00000000e+00j\n",
      "   0.00000000e+00+0.00000000e+00j  0.00000000e+00+0.00000000e+00j\n",
      "   0.00000000e+00+0.00000000e+00j  0.00000000e+00+0.00000000e+00j\n",
      "   0.00000000e+00+0.00000000e+00j  0.00000000e+00+0.00000000e+00j\n",
      "   0.00000000e+00+0.00000000e+00j  1.00000000e+00+0.00000000e+00j\n",
      "   0.00000000e+00+0.00000000e+00j  0.00000000e+00+0.00000000e+00j\n",
      "   0.00000000e+00-0.00000000e+00j  0.00000000e+00+0.00000000e+00j]\n",
      " [ 0.00000000e+00+0.00000000e+00j  0.00000000e+00+0.00000000e+00j\n",
      "   0.00000000e+00+0.00000000e+00j  0.00000000e+00+0.00000000e+00j\n",
      "   0.00000000e+00+0.00000000e+00j  0.00000000e+00+0.00000000e+00j\n",
      "   0.00000000e+00+0.00000000e+00j  0.00000000e+00+0.00000000e+00j\n",
      "   1.00000000e+00+0.00000000e+00j  0.00000000e+00+0.00000000e+00j\n",
      "   0.00000000e+00+0.00000000e+00j  0.00000000e+00+0.00000000e+00j\n",
      "   0.00000000e+00-0.00000000e+00j  0.00000000e+00+0.00000000e+00j]\n",
      " [ 7.46146451e-02+0.00000000e+00j -6.63172062e-01+0.00000000e+00j\n",
      "   2.01441208e-01+0.00000000e+00j  1.25601761e-03+0.00000000e+00j\n",
      "  -3.24173545e-02+0.00000000e+00j -6.19049272e-03+0.00000000e+00j\n",
      "   7.18836148e-02+0.00000000e+00j -8.83112238e-02+0.00000000e+00j\n",
      "   0.00000000e+00+0.00000000e+00j  0.00000000e+00+0.00000000e+00j\n",
      "   8.34410223e-02+0.00000000e+00j -7.08181248e-02+5.58043372e-02j\n",
      "  -7.08181248e-02-5.58043372e-02j -6.74325890e-01+0.00000000e+00j]\n",
      " [ 7.46146451e-02+0.00000000e+00j -6.63172062e-01+0.00000000e+00j\n",
      "   2.01441208e-01+0.00000000e+00j  1.25601761e-03+0.00000000e+00j\n",
      "  -3.24173545e-02+0.00000000e+00j -6.19049272e-03+0.00000000e+00j\n",
      "   7.18836148e-02+0.00000000e+00j -8.83112238e-02+0.00000000e+00j\n",
      "   0.00000000e+00+0.00000000e+00j  0.00000000e+00+0.00000000e+00j\n",
      "  -8.34410223e-02+0.00000000e+00j  7.08181248e-02-5.58043372e-02j\n",
      "   7.08181248e-02+5.58043372e-02j  6.74325890e-01+0.00000000e+00j]\n",
      " [-3.82224316e-02+0.00000000e+00j  1.30709516e-01+0.00000000e+00j\n",
      "   6.65760837e-01+0.00000000e+00j -9.66199048e-02+0.00000000e+00j\n",
      "  -2.05067942e-01+0.00000000e+00j  7.15650888e-03+0.00000000e+00j\n",
      "   1.31481137e-01+0.00000000e+00j  6.85193260e-01+0.00000000e+00j\n",
      "   0.00000000e+00+0.00000000e+00j  0.00000000e+00+0.00000000e+00j\n",
      "   4.55571826e-17+0.00000000e+00j  5.47961648e-17-1.25305567e-17j\n",
      "   5.47961648e-17+1.25305567e-17j -5.47917990e-16+0.00000000e+00j]\n",
      " [-1.27476388e-02+0.00000000e+00j -3.10332296e-02+0.00000000e+00j\n",
      "   4.04687359e-02+0.00000000e+00j  7.16738387e-01+0.00000000e+00j\n",
      "   4.12764520e-02+0.00000000e+00j  6.58712077e-01+0.00000000e+00j\n",
      "  -1.89906973e-01+0.00000000e+00j  1.08870556e-01+0.00000000e+00j\n",
      "   0.00000000e+00+0.00000000e+00j  0.00000000e+00+0.00000000e+00j\n",
      "  -4.59643197e-18+0.00000000e+00j  1.01044023e-17-1.29265215e-17j\n",
      "   1.01044023e-17+1.29265215e-17j -4.67849138e-17+0.00000000e+00j]\n",
      " [-4.92105676e-01+0.00000000e+00j -7.20942117e-02+0.00000000e+00j\n",
      "  -3.50014458e-02+0.00000000e+00j -1.32812995e-02+0.00000000e+00j\n",
      "   9.99942797e-03+0.00000000e+00j -7.15005470e-03+0.00000000e+00j\n",
      "  -2.07830025e-02+0.00000000e+00j  2.54929278e-02+0.00000000e+00j\n",
      "   0.00000000e+00+0.00000000e+00j  0.00000000e+00+0.00000000e+00j\n",
      "   8.53186117e-01+0.00000000e+00j -3.54680025e-01-2.32480003e-01j\n",
      "  -3.54680025e-01+2.32480003e-01j  3.19280436e-03+0.00000000e+00j]]\n",
      "Porcentaje varianza explicada: \n",
      " [ 3.39458978e+01  1.73456670e+01  1.04012944e+01  8.59565744e+00\n",
      "  8.24730954e+00  8.13351235e+00  7.31740109e+00  6.01326041e+00\n",
      "  0.00000000e+00  0.00000000e+00 -3.35172792e-18 -5.09182907e-17\n",
      " -5.09182907e-17 -1.24566150e-15]\n",
      "Porcentaje varianza acumulada: \n",
      " [ 33.94589777  51.29156479  61.69285917  70.28851661  78.53582615\n",
      "  86.6693385   93.98673959 100.         100.         100.\n",
      " 100.         100.         100.         100.        ]\n"
     ]
    }
   ],
   "source": [
    "#Matriz de covarianza de los datos\n",
    "cmat = np.cov(data, rowvar=False)\n",
    "#cmat = np.cov(fsData, rowvar=False)\n",
    "#print(\"Matriz de covarianza: \\n\",cmat.head(n=5)\n",
    "print(cmat)\n",
    "#Calcular eigenvalores y eigenvectores\n",
    "eigenval,eigenvec = np.linalg.eig(cmat)\n",
    "\n",
    "#Ordenar eigenvalores y eigenvectores de mayor a menor\n",
    "index = eigenval.argsort()[::-1]\n",
    "eigenval=eigenval[index]\n",
    "eigenvec=eigenvec[:,index]\n",
    "print(\"Eigenvalores: \\n\",eigenval.real)\n",
    "print(\"Eigenvectores: \\n\",eigenvec)\n",
    "\n",
    "explainedVar=eigenval/sum(eigenval)*100\n",
    "print(\"Porcentaje varianza explicada: \\n\", explainedVar.real)\n",
    "cumVar = explainedVar.cumsum()\n",
    "print(\"Porcentaje varianza acumulada: \\n\", cumVar.real)\n",
    "\n",
    "#Proyeccion en las nuevas componentes: proyeccion=X(datos)*Eigenvectors(en columnas)\n",
    "#pcaCoords=np.dot(data, eigenvec[:,0:2].real)\n",
    "#pcaCoords=np.dot(fsData, eigenvec[:,0:2].real)\n",
    "#pcaCoords=pd.DataFrame(pcaCoords)\n",
    "#Plot con pandas\n",
    "#pcaCoords.plot.scatter(x=0,y=1)\n",
    "\n",
    "#Obtener las tres primeras componentes del pca para el QSVM\n",
    "qsvmData =np.dot(data, eigenvec[:,0:8].real)\n",
    "#qsvmData =np.dot(fsData, eigenvec[:,0:3])"
   ]
  },
  {
   "cell_type": "code",
   "execution_count": 90,
   "id": "c61e54de-641e-4263-a8d6-744ab1cc8ab8",
   "metadata": {},
   "outputs": [
    {
     "name": "stdout",
     "output_type": "stream",
     "text": [
      "(6787, 8)\n"
     ]
    }
   ],
   "source": [
    "print(qsvmData.shape)"
   ]
  },
  {
   "cell_type": "code",
   "execution_count": 9,
   "id": "2acfd151-6be2-45e7-98a6-c6d9d24624eb",
   "metadata": {},
   "outputs": [
    {
     "data": {
